923.8475    -491.000000
924.5797    -503.000000
925.3120    -325.000000
926.0443    -238.000000
926.7766    -93.000000
927.5089    -214.000000
928.2412    -184.000000
928.9735    -118.000000
929.7058    -61.000000
930.4381    15.000000
931.1704    -52.000000
931.9027    -149.000000
932.6350    73.000000
933.3672    -119.000000
934.0995    -8.000000
934.8318    -12.000000
935.5641    -1.000000
936.2964    4.000000
937.0287    -48.000000
937.7610    -26.000000
938.4933    0.000000
939.2256    -65.909091
939.9579    23.181818
940.6902    -99.727273
941.4225    -76.636364
942.1547    -5.545455
942.8870    -15.545455
943.6193    -15.363636
944.3516    23.727273
945.0839    2.348485
945.8162    49.424242
946.5485    26.500000
947.2808    -52.909091
948.0131    42.984848
948.7454    -2.727273
949.4777    -91.636364
950.2100    -88.545455
950.9422    -15.454545
951.6745    -72.363636
952.4068    -24.272727
953.1391    42.818182
953.8714    -20.090909
954.6037    0.000000
955.3360    -1.829060
956.0683    -39.658120
956.8006    -64.487179
957.5329    32.840456
958.2652    -44.145299
958.9975    38.025641
959.7297    101.196581
960.4620    -7.632479
961.1943    38.538462
961.9266    135.709402
962.6589    -6.119658
963.3912    -114.948718
964.1235    84.222222
964.8558    -83.606838
965.5881    -58.435897
966.3204    69.735043
967.0527    159.321937
967.7850    218.948718
968.5173    203.908832
969.2495    269.418803
969.9818    240.495726
970.7141    206.760684
971.4464    201.931624
972.1787    202.102564
972.9110    347.273504
973.6433    258.444444
974.3756    428.615385
975.1079    421.786325
975.8402    469.957265
976.5725    328.128205
977.3048    500.299145
978.0370    554.470085
978.7693    587.641026
979.5016    574.310541
980.2339    625.982906
980.9662    605.897436
981.6985    553.324786
982.4308    630.495726
983.1631    679.666667
983.8954    592.837607
984.6277    708.008547
985.3600    725.179487
986.0923    739.350427
986.8245    832.521368
987.5568    951.538462
988.2891    890.165242
989.0214    1011.034188
989.7537    1049.205128
990.4860    1082.376068
991.2183    1065.672365
991.9506    1232.717949
992.6829    1173.888889
993.4152    1209.059829
994.1475    1291.230769
994.8798    1226.139601
995.6120    1366.766382
996.3443    1330.743590
997.0766    1350.019943
997.8089    1426.085470
998.5412    1499.256410
999.2735    1395.900285
1000.0058    1460.598291
1000.7381    1359.769231
1001.4704    1329.780627
1002.2027    1444.111111
1002.9350    1338.700855
1003.6673    1320.660969
1004.3995    1333.623932
1005.1318    1294.581197
1005.8641    1316.965812
1006.5964    1299.136752
1007.3287    1284.307692
1008.0610    1227.421652
1008.7933    1164.649573
1009.5256    1262.820513
1010.2579    1238.991453
1010.9902    1283.162393
1011.7225    1044.333333
1012.4548    1173.504274
1013.1870    1108.675214
1013.9193    1002.102564
1014.6516    1012.017094
1015.3839    950.188034
1016.1162    831.358974
1016.8485    901.529915
1017.5808    857.700855
1018.3131    759.871795
1019.0454    779.042735
1019.7777    731.213675
1020.5100    580.384615
1021.2423    706.555556
1021.9745    611.726496
1022.7068    533.897436
1023.4391    517.068376
1024.1714    593.877493
1024.9037    644.837607
1025.6360    220.464387
1026.3683    476.752137
1027.1006    336.923077
1027.8329    408.678063
1028.5652    357.264957
1029.2975    321.931624
1030.0298    191.606838
1030.7620    267.777778
1031.4943    216.948718
1032.2266    124.119658
1032.9589    160.290598
1033.6912    143.461538
1034.4235    125.652422
1035.1558    33.803419
1035.8881    21.974359
1036.6204    93.199430
1037.3527    -67.683761
1038.0850    -112.512821
1038.8173    79.658120
1039.5495    -38.170940
1040.2818    0.000000
1041.0141    -178.000000
1041.7464    -151.000000
1042.4787    -113.000000
1043.2110    -25.000000
1043.9433    -142.000000
1044.6756    -199.000000
1045.4079    -158.000000
1046.1402    -103.000000
1046.8725    -39.000000
1047.6048    86.000000
1048.3371    46.000000
1049.0693    120.346939
1049.8016    88.000000
1050.5339    189.000000
1051.2662    205.000000
1051.9985    177.000000
1052.7308    79.000000
1053.4631    204.000000
1054.1954    80.000000
1054.9277    197.000000
1055.6600    212.000000
1056.3923    207.000000
1057.1246    102.748299
1057.8568    157.027211
1058.5891    87.306122
1059.3214    78.585034
1060.0537    -12.000000
1060.7860    -25.000000
1061.5183    96.000000
1062.2506    21.000000
1062.9829    17.000000
1063.7152    84.000000
1064.4475    -17.000000
1065.1798    -80.000000
1065.9121    -8.000000
1066.6443    -191.000000
1067.3766    11.319728
1068.1089    -61.000000
1068.8412    59.000000
1069.5735    -14.176871
1070.3058    -114.000000
1071.0381    5.047619
1071.7704    -40.000000
1072.5027    -16.000000
1073.2350    -46.448980
1073.9673    -8.170068
1074.6996    -45.000000
1075.4318    -17.612245
1076.1641    0.000000
1076.8964    21.121212
1077.6287    9.545455
1078.3610    29.818182
1079.0933    120.090909
1079.8256    34.272727
1080.5579    -0.606061
1081.2902    56.909091
1082.0225    25.181818
1082.7548    -188.545455
1083.4871    0.727273
1084.2193    -20.000000
1084.9516    -5.727273
1085.6839    16.545455
1086.4162    -61.181818
1087.1485    -137.909091
1087.8808    6.363636
1088.6131    -70.363636
1089.3454    -119.090909
1090.0777    -70.818182
1090.8100    -165.545455
1091.5423    -170.272727
1092.2746    -33.000000
1093.0068    -16.727273
1093.7391    -185.454545
1094.4714    -67.181818
1095.2037    -84.909091
1095.9360    -169.636364
1096.6683    -174.363636
1097.4006    -189.090909
1098.1329    -249.818182
1098.8652    -202.545455
1099.5975    -162.272727
1100.3298    0.000000
1101.0621    -63.417323
1101.7943    -108.834646
1102.5266    -118.251969
1103.2589    58.330709
1103.9912    -62.086614
1104.7235    -15.503937
1105.4558    130.078740
1106.1881    121.661417
1106.9204    249.244094
1107.6527    437.826772
1108.3850    357.409449
1109.1173    597.992126
1109.8496    804.574803
1110.5818    750.157480
1111.3141    945.921260
1112.0464    1114.322835
1112.7787    1145.905512
1113.5110    1196.488189
1114.2433    1420.070866
1114.9756    1589.653543
1115.7079    1738.236220
1116.4402    1826.818898
1117.1725    1933.401575
1117.9048    1961.984252
1118.6371    2252.566929
1119.3693    2494.196850
1120.1016    2534.732283
1120.8339    2704.853018
1121.5662    2695.897638
1122.2985    2890.480315
1123.0308    2855.062992
1123.7631    3008.645669
1124.4954    3223.228346
1125.2277    3145.811024
1125.9600    3257.149606
1126.6923    3257.976378
1127.4246    3315.559055
1128.1569    3223.467192
1128.8891    3324.724409
1129.6214    3459.307087
1130.3537    3286.889764
1131.0860    3347.472441
1131.8183    3262.055118
1132.5506    3301.637795
1133.2829    3129.763780
1134.0152    3003.803150
1134.7475    3030.385827
1135.4798    2852.968504
1136.2121    2801.551181
1136.9444    2741.133858
1137.6766    2626.716535
1138.4089    2439.299213
1139.1412    2183.881890
1139.8735    2193.464567
1140.6058    2002.047244
1141.3381    1922.629921
1142.0704    1725.212598
1142.8027    1625.795276
1143.5350    1493.377953
1144.2673    1399.960630
1144.9996    1172.679790
1145.7319    1218.674541
1146.4641    1056.708661
1147.1964    1115.291339
1147.9287    987.874016
1148.6610    914.456693
1149.3933    1000.039370
1150.1256    919.622047
1150.8579    971.204724
1151.5902    874.787402
1152.3225    1011.370079
1153.0548    898.952756
1153.7871    994.535433
1154.5194    948.118110
1155.2516    1062.700787
1155.9839    1144.283465
1156.7162    1079.866142
1157.4485    1101.448819
1158.1808    1288.031496
1158.9131    1238.614173
1159.6454    1382.241470
1160.3777    1317.779528
1161.1100    1479.564304
1161.8423    1500.944882
1162.5746    1647.527559
1163.3069    1797.110236
1164.0391    1788.692913
1164.7714    1904.204724
1165.5037    2054.858268
1166.2360    2058.440945
1166.9683    2089.023622
1167.7006    2350.606299
1168.4329    2302.188976
1169.1652    2311.771654
1169.8975    2374.354331
1170.6298    2448.937008
1171.3621    2448.519685
1172.0944    2423.102362
1172.8266    2482.685039
1173.5589    2386.267717
1174.2912    2135.803150
1175.0235    2234.433071
1175.7558    2207.015748
1176.4881    1812.120735
1177.2204    1745.782152
1177.9527    1727.763780
1178.6850    1457.346457
1179.4173    1385.929134
1180.1496    1164.511811
1180.8819    1146.094488
1181.6141    950.677165
1182.3464    936.259843
1183.0787    718.842520
1183.8110    646.425197
1184.5433    403.007874
1185.2756    401.590551
1186.0079    272.385827
1186.7402    254.755906
1187.4725    202.375328
1188.2048    182.921260
1188.9371    53.503937
1189.6694    62.086614
1190.4016    29.687664
1191.1339    -12.650919
1191.8662    -44.165354
1192.5985    19.417323
1193.3308    0.000000
1194.0631    60.175439
1194.7954    30.350877
1195.5277    27.192982
1196.2600    -16.842105
1196.9923    98.543860
1197.7246    138.736842
1198.4569    224.561404
1199.1891    261.315789
1199.9214    323.105263
1200.6537    265.894737
1201.3860    433.596491
1202.1183    485.473684
1202.8506    495.947368
1203.5829    692.052632
1204.3152    656.842105
1205.0475    992.631579
1205.7798    921.421053
1206.5121    1100.491228
1207.2444    1245.333333
1207.9767    1351.175439
1208.7089    1430.578947
1209.4412    1703.368421
1210.1735    1692.368421
1210.9058    1789.210526
1211.6381    1886.736842
1212.3704    1961.228070
1213.1027    2019.315789
1213.8350    2059.578947
1214.5673    2134.894737
1215.2996    2343.684211
1216.0319    2229.473684
1216.7642    2209.263158
1217.4964    2254.052632
1218.2287    2084.842105
1218.9610    1938.140351
1219.6933    1884.649123
1220.4256    1829.157895
1221.1579    1718.666667
1221.8902    1695.842105
1222.6225    1630.578947
1223.3548    1525.859649
1224.0871    1517.368421
1224.8194    1498.947368
1225.5517    1340.719298
1226.2839    1319.894737
1227.0162    1250.403509
1227.7485    1191.912281
1228.4808    1088.421053
1229.2131    1141.929825
1229.9454    898.473684
1230.6777    918.947368
1231.4100    894.456140
1232.1423    813.631579
1232.8746    769.473684
1233.6069    928.421053
1234.3392    765.157895
1235.0714    712.666667
1235.8037    705.508772
1236.5360    689.578947
1237.2683    544.526316
1238.0006    610.157895
1238.7329    497.543860
1239.4652    483.736842
1240.1975    392.894737
1240.9298    384.403509
1241.6621    344.578947
1242.3944    292.754386
1243.1267    307.929825
1243.8589    315.771930
1244.5912    280.614035
1245.3235    249.456140
1246.0558    165.631579
1246.7881    184.473684
1247.5204    199.982456
1248.2527    161.157895
1248.9850    160.333333
1249.7173    129.508772
1250.4496    140.017544
1251.1819    147.526316
1251.9142    132.035088
1252.6464    83.947368
1253.3787    114.736842
1254.1110    100.526316
1254.8433    11.736842
1255.5756    50.578947
1256.3079    22.894737
1257.0402    -3.403509
1257.7725    70.105263
1258.5048    26.614035
1259.2371    4.052632
1259.9694    50.842105
1260.7017    74.807018
1261.4339    96.982456
1262.1662    47.491228
1262.8985    0.000000
1263.6308    59.995984
1264.3631    105.658635
1265.0954    22.891566
1265.8277    -64.144578
1266.5600    -7.180723
1267.2923    -3.216867
1268.0246    25.305221
1268.7569    -9.289157
1269.4892    -191.325301
1270.2214    -56.361446
1270.9537    62.602410
1271.6860    83.285141
1272.4183    130.614458
1273.1506    124.493976
1273.8829    191.457831
1274.6152    138.269076
1275.3475    171.385542
1276.0798    281.261044
1276.8121    192.313253
1277.5444    399.919679
1278.2767    344.240964
1279.0089    439.244980
1279.7412    482.168675
1280.4735    546.132530
1281.2058    643.566265
1281.9381    516.060241
1282.6704    453.024096
1283.4027    585.987952
1284.1350    562.951807
1284.8673    556.915663
1285.5996    463.879518
1286.3319    636.843373
1287.0642    431.807229
1287.7965    411.771084
1288.5287    294.734940
1289.2610    326.698795
1289.9933    299.184739
1290.7256    236.626506
1291.4579    280.590361
1292.1902    259.554217
1292.9225    244.518072
1293.6548    200.481928
1294.3871    82.445783
1295.1194    55.409639
1295.8517    65.373494
1296.5840    181.337349
1297.3162    126.301205
1298.0485    204.473896
1298.7808    120.228916
1299.5131    224.799197
1300.2454    312.156627
1300.9777    296.120482
1301.7100    305.787149
1302.4423    262.048193
1303.1746    266.012048
1303.9069    150.975904
1304.6392    243.939759
1305.3715    316.903614
1306.1037    290.867470
1306.8360    280.831325
1307.5683    231.795181
1308.3006    179.759036
1309.0329    250.722892
1309.7652    145.686747
1310.4975    61.650602
1311.2298    172.614458
1311.9621    161.578313
1312.6944    114.542169
1313.4267    96.506024
1314.1590    -91.530120
1314.8912    56.433735
1315.6235    40.397590
1316.3558    16.361446
1317.0881    52.325301
1317.8204    -172.710843
1318.5527    -71.746988
1319.2850    -182.783133
1320.0173    -202.819277
1320.7496    -98.855422
1321.4819    -43.891566
1322.2142    -98.927711
1322.9465    -29.963855
1323.6787    0.000000
1324.4110    27.233333
1325.1433    -262.533333
1325.8756    -28.300000
1326.6079    105.933333
1327.3402    94.166667
1328.0725    321.400000
1328.8048    324.633333
1329.5371    354.866667
1330.2694    249.100000
1331.0017    289.333333
1331.7340    377.566667
1332.4662    396.800000
1333.1985    537.033333
1333.9308    526.266667
1334.6631    700.500000
1335.3954    717.733333
1336.1277    782.966667
1336.8600    826.200000
1337.5923    1063.433333
1338.3246    1041.666667
1339.0569    1150.958333
1339.7892    1378.133333
1340.5215    1280.097222
1341.2537    1382.333333
1341.9860    1470.833333
1342.7183    1582.066667
1343.4506    1555.708333
1344.1829    1637.533333
1344.9152    1713.766667
1345.6475    1865.083333
1346.3798    2099.233333
1347.1121    2170.888889
1347.8444    2335.700000
1348.5767    2625.933333
1349.3090    2617.166667
1350.0412    2881.400000
1350.7735    3261.633333
1351.5058    3471.972222
1352.2381    3839.875000
1352.9704    4009.111111
1353.7027    4597.680556
1354.4350    5113.800000
1355.1673    5621.486111
1355.8996    6192.388889
1356.6319    6720.625000
1357.3642    7426.527778
1358.0965    8144.763889
1358.8287    8855.666667
1359.5610    9777.569444
1360.2933    10620.138889
1361.0256    11500.041667
1361.7579    12434.944444
1362.4902    13415.847222
1363.2225    14302.750000
1363.9548    15335.319444
1364.6871    16319.555556
1365.4194    17197.125000
1366.1517    18020.361111
1366.8840    18766.597222
1367.6163    19650.500000
1368.3485    20031.736111
1369.0808    20465.972222
1369.8131    21647.700000
1370.5454    21808.933333
1371.2777    21751.166667
1372.0100    21439.400000
1372.7423    20839.633333
1373.4746    20269.866667
1374.2069    19594.100000
1374.9392    18717.333333
1375.6715    17504.566667
1376.4038    16390.800000
1377.1360    15121.033333
1377.8683    13954.266667
1378.6006    12760.500000
1379.3329    11702.733333
1380.0652    10614.966667
1380.7975    9574.200000
1381.5298    8582.433333
1382.2621    7703.666667
1382.9944    7008.900000
1383.7267    6480.133333
1384.4590    5912.366667
1385.1913    5298.600000
1385.9235    4860.833333
1386.6558    4709.066667
1387.3881    4326.300000
1388.1204    3986.533333
1388.8527    3669.766667
1389.5850    3514.000000
1390.3173    3316.233333
1391.0496    3075.466667
1391.7819    2790.700000
1392.5142    2565.933333
1393.2465    2517.166667
1393.9788    2221.400000
1394.7110    2118.633333
1395.4433    1988.866667
1396.1756    1902.100000
1396.9079    1887.333333
1397.6402    1618.566667
1398.3725    1689.800000
1399.1048    1417.033333
1399.8371    1234.888889
1400.5694    1219.500000
1401.3017    1094.733333
1402.0340    921.597222
1402.7663    744.166667
1403.4985    624.433333
1404.2308    581.666667
1404.9631    470.541667
1405.6954    364.133333
1406.4277    374.366667
1407.1600    286.600000
1407.8923    143.833333
1408.6246    217.722222
1409.3569    144.300000
1410.0892    50.533333
1410.8215    -50.233333
1411.5538    0.000000
1412.2860    84.204545
1413.0183    -16.590909
1413.7506    100.613636
1414.4829    178.818182
1415.2152    271.022727
1415.9475    358.227273
1416.6798    484.962121
1417.4121    622.242424
1418.1444    700.189394
1418.8767    881.045455
1419.6090    1007.083333
1420.3413    1178.363636
1421.0735    1255.977273
1421.8058    1444.924242
1422.5381    1540.537879
1423.2704    1606.484848
1424.0027    1806.098485
1424.7350    1942.378788
1425.4673    1918.886364
1426.1996    1984.939394
1426.9319    2115.295455
1427.6642    1972.500000
1428.3965    2063.704545
1429.1288    1964.909091
1429.8610    2007.113636
1430.5933    1915.318182
1431.3256    1811.522727
1432.0579    1429.727273
1432.7902    1361.795455
1433.5225    1320.136364
1434.2548    985.340909
1434.9871    920.545455
1435.7194    787.750000
1436.4517    738.196970
1437.1840    594.143939
1437.9163    424.363636
1438.6485    353.037879
1439.3808    263.318182
1440.1131    136.977273
1440.8454    65.181818
1441.5777    112.386364
1442.3100    -8.409091
1443.0423    50.795455
1443.7746    0.000000
1444.5069    -6.083333
1445.2392    40.083333
1445.9715    -81.375000
1446.7038    -55.833333
1447.4361    -121.291667
1448.1683    2.250000
1448.9006    -23.208333
1449.6329    -124.666667
1450.3652    -50.125000
1451.0975    -28.583333
1451.8298    20.416667
1452.5621    7.666667
1453.2944    33.041667
1454.0267    -81.416667
1454.7590    -81.875000
1455.4913    -79.333333
1456.2236    17.583333
1456.9558    -69.250000
1457.6881    22.416667
1458.4204    -54.166667
1459.1527    -43.750000
1459.8850    -14.166667
1460.6173    70.458333
1461.3496    0.000000
1462.0819    127.336957
1462.8142    31.673913
1463.5465    90.677536
1464.2788    125.681159
1465.0111    151.351449
1465.7433    154.869565
1466.4756    271.692029
1467.2079    215.362319
1467.9402    324.365942
1468.6725    344.369565
1469.4048    512.260870
1470.1371    414.043478
1470.8694    569.217391
1471.6017    682.695652
1472.3340    737.721014
1473.0663    805.057971
1473.7986    862.728261
1474.5308    953.398551
1475.2631    1063.735507
1475.9954    1097.405797
1476.7277    1225.076087
1477.4600    1319.413043
1478.1923    1348.083333
1478.9246    1333.086957
1479.6569    1481.956522
1480.3892    1440.427536
1481.1215    1490.097826
1481.8538    1449.434783
1482.5861    1461.771739
1483.3183    1578.347826
1484.0506    1383.112319
1484.7829    1334.115942
1485.5152    1226.452899
1486.2475    1172.123188
1486.9798    1048.460145
1487.7121    1115.217391
1488.4444    888.134058
1489.1767    850.137681
1489.9090    855.807971
1490.6413    674.130435
1491.3736    604.815217
1492.1058    471.086957
1492.8381    386.155797
1493.5704    233.043478
1494.3027    284.521739
1495.0350    163.000000
1495.7673    81.478261
1496.4996    55.956522
1497.2319    -33.489130
1497.9642    -81.086957
1498.6965    -52.608696
1499.4288    -216.130435
1500.1611    -94.652174
1500.8933    -108.173913
1501.6256    -161.695652
1502.3579    -97.217391
1503.0902    24.260870
1503.8225    -29.260870
1504.5548    45.217391
1505.2871    -111.304348
1506.0194    -79.826087
1506.7517    -101.347826
1507.4840    -44.869565
1508.2163    -92.391304
1508.9486    -213.913043
1509.6808    7.565217
1510.4131    67.043478
1511.1454    248.521739
1511.8777    198.250000
1512.6100    190.478261
1513.3423    217.956522
1514.0746    177.434783
1514.8069    187.913043
1515.5392    191.391304
1516.2715    268.869565
1517.0038    288.347826
1517.7361    270.826087
1518.4683    340.282609
1519.2006    475.782609
1519.9329    305.260870
1520.6652    367.739130
1521.3975    186.217391
1522.1298    153.695652
1522.8621    235.173913
1523.5944    78.652174
1524.3267    14.130435
1525.0590    -56.391304
1525.7913    43.086957
1526.5236    38.565217
1527.2559    -62.956522
1527.9881    -14.478261
1528.7204    0.000000
1529.4527    78.596059
1530.1850    -11.093596
1530.9173    94.359606
1531.6496    52.812808
1532.3819    130.266010
1533.1142    281.909688
1533.8465    236.172414
1534.5788    492.625616
1535.3111    606.031199
1536.0434    691.532020
1536.7756    878.985222
1537.5079    885.819376
1538.2402    990.415435
1538.9725    1109.344828
1539.7048    1334.607553
1540.4371    1441.870279
1541.1694    1669.704433
1541.9017    1813.157635
1542.6340    1981.658456
1543.3663    2241.587849
1544.0986    2489.183908
1544.8309    2711.446634
1545.5631    3005.376026
1546.2954    3227.305419
1547.0277    3441.901478
1547.7600    3879.164204
1548.4923    4098.093596
1549.2246    4437.689655
1549.9569    4701.952381
1550.6892    4939.548440
1551.4215    5256.477833
1552.1538    5531.073892
1552.8861    5928.336617
1553.6184    6221.599343
1554.3506    6615.195402
1555.0829    6822.791461
1555.8152    7214.720854
1556.5475    7543.983580
1557.2798    7859.579639
1558.0121    8144.175698
1558.7444    8404.105090
1559.4767    8601.701149
1560.2090    8869.630542
1560.9413    9028.559934
1561.6736    9125.822660
1562.4059    9279.752053
1563.1381    9313.681445
1563.8704    9435.277504
1564.6027    9406.540230
1565.3350    9776.660099
1566.0673    9801.113300
1566.7996    9751.566502
1567.5319    9407.019704
1568.2642    9253.472906
1568.9965    8917.926108
1569.7288    8460.379310
1570.4611    8250.832512
1571.1934    8049.285714
1571.9256    7592.738916
1572.6579    7320.192118
1573.3902    6878.645320
1574.1225    6613.098522
1574.8548    6342.551724
1575.5871    6047.004926
1576.3194    5884.458128
1577.0517    5569.911330
1577.7840    5525.364532
1578.5163    5327.817734
1579.2486    5056.270936
1579.9809    5046.724138
1580.7131    4937.177340
1581.4454    4885.630542
1582.1777    4923.083744
1582.9100    4736.536946
1583.6423    4702.990148
1584.3746    4314.300493
1585.1069    4369.896552
1585.8392    4270.349754
1586.5715    4116.802956
1587.3038    3867.256158
1588.0361    3704.280788
1588.7684    3731.162562
1589.5006    3476.615764
1590.2329    3148.068966
1590.9652    3129.522167
1591.6975    2875.975369
1592.4298    2686.428571
1593.1621    2697.881773
1593.8944    2369.334975
1594.6267    2331.788177
1595.3590    2212.241379
1596.0913    2099.694581
1596.8236    1953.147783
1597.5559    1902.600985
1598.2881    1834.054187
1599.0204    1831.507389
1599.7527    1694.960591
1600.4850    1730.413793
1601.2173    1715.343186
1601.9496    1658.605911
1602.6819    1890.773399
1603.4142    1722.798030
1604.1465    1724.060755
1604.8788    1785.990148
1605.6111    1851.586207
1606.3434    2082.848933
1607.0757    2054.444992
1607.8079    2125.041051
1608.5402    2306.303777
1609.2725    2414.899836
1610.0048    2513.829228
1610.7371    2646.091954
1611.4694    2800.354680
1612.2017    3034.284072
1612.9340    3233.880131
1613.6663    3437.142857
1614.3986    3598.072250
1615.1309    3708.001642
1615.8632    3983.931034
1616.5954    4009.193760
1617.3277    4183.789819
1618.0600    4406.052545
1618.7923    4614.648604
1619.5246    4897.244663
1620.2569    4983.174056
1620.9892    5198.103448
1621.7215    5364.366174
1622.4538    5437.295567
1623.1861    5471.224959
1623.9184    5674.821018
1624.6507    5672.750411
1625.3829    5745.346470
1626.1152    5745.275862
1626.8475    5859.729064
1627.5798    5763.182266
1628.3121    5232.064039
1629.0444    5436.088670
1629.7767    5176.541872
1630.5090    4901.995074
1631.2413    4556.448276
1631.9736    4310.901478
1632.7059    4270.354680
1633.4382    3917.807882
1634.1704    3688.261084
1634.9027    3319.714286
1635.6350    3132.167488
1636.3673    2865.620690
1637.0996    2726.073892
1637.8319    2640.527094
1638.5642    2490.980296
1639.2965    2157.338259
1640.0288    2117.886700
1640.7611    1851.530378
1641.4934    1906.793103
1642.2257    1736.246305
1642.9579    1651.699507
1643.6902    1478.914614
1644.4225    1295.510673
1645.1548    1230.059113
1645.8871    1041.512315
1646.6194    998.965517
1647.3517    1014.418719
1648.0840    838.871921
1648.8163    765.325123
1649.5486    870.778325
1650.2809    716.231527
1651.0132    652.684729
1651.7454    714.804598
1652.4777    596.591133
1653.2100    331.044335
1653.9423    605.497537
1654.6746    531.950739
1655.4069    436.403941
1656.1392    431.857143
1656.8715    239.310345
1657.6038    145.763547
1658.3361    230.216749
1659.0684    204.669951
1659.8007    118.123153
1660.5329    268.957307
1661.2652    408.029557
1661.9975    258.482759
1662.7298    1260.935961
1663.4621    237.389163
1664.1944    463.842365
1664.9267    334.533662
1665.6590    497.796388
1666.3913    523.059113
1667.1236    198.655172
1667.8559    196.584565
1668.5882    126.561576
1669.3204    189.110016
1670.0527    67.706076
1670.7850    69.921182
1671.5173    -6.625616
1672.2496    -0.172414
1672.9819    -16.719212
1673.7142    -104.266010
1674.4465    -78.812808
1675.1788    113.640394
1675.9111    1.093596
1676.6434    -105.453202
1677.3757    0.000000
1678.1079    -56.293478
1678.8402    35.413043
1679.5725    -54.880435
1680.3048    -37.173913
1681.0371    -168.467391
1681.7694    -5.760870
1682.5017    12.391304
1683.2340    51.652174
1683.9663    -74.641304
1684.6986    -37.934783
1685.4309    -167.228261
1686.1632    -106.521739
1686.8955    -159.815217
1687.6277    -140.108696
1688.3600    -149.402174
1689.0923    -223.695652
1689.8246    -135.989130
1690.5569    -118.282609
1691.2892    -17.576087
1692.0215    -109.869565
1692.7538    -54.492754
1693.4861    -167.456522
1694.2184    -7.000000
1694.9507    -46.043478
1695.6830    5.492754
1696.4152    -43.630435
1697.1475    -32.923913
1697.8798    59.782609
1698.6121    -56.510870
1699.3444    -29.275362
1700.0767    -67.028986
1700.8090    -136.391304
1701.5413    -80.684783
1702.2736    -176.978261
1703.0059    -169.271739
1703.7382    -110.565217
1704.4705    13.141304
1705.2027    -26.152174
1705.9350    -23.445652
1706.6673    -202.739130
1707.3996    -77.032609
1708.1319    44.673913
1708.8642    205.380435
1709.5965    -32.913043
1710.3288    60.793478
1711.0611    208.500000
1711.7934    48.206522
1712.5257    336.913043
1713.2580    222.619565
1713.9902    200.326087
1714.7225    295.231884
1715.4548    378.811594
1716.1871    440.445652
1716.9194    302.637681
1717.6517    182.858696
1718.3840    242.565217
1719.1163    251.271739
1719.8486    266.289855
1720.5809    189.684783
1721.3132    143.391304
1722.0455    209.362319
1722.7777    188.804348
1723.5100    60.510870
1724.2423    232.768116
1724.9746    154.014493
1725.7069    83.594203
1726.4392    -39.663043
1727.1715    -83.956522
1727.9038    -7.250000
1728.6361    -57.543478
1729.3684    -67.836957
1730.1007    -203.130435
1730.8330    -96.423913
1731.5652    -125.717391
1732.2975    -172.010870
1733.0298    -206.304348
1733.7621    -101.362319
1734.4944    -101.891304
1735.2267    -148.184783
1735.9590    -188.478261
1736.6913    -64.771739
1737.4236    -280.065217
1738.1559    -282.358696
1738.8882    -236.652174
1739.6205    -212.945652
1740.3527    -250.239130
1741.0850    -236.532609
1741.8173    -287.826087
1742.5496    -217.119565
1743.2819    -19.826087
1744.0142    -152.706522
1744.7465    0.000000
1745.4788    -186.236364
1746.2111    -64.472727
1746.9434    -19.709091
1747.6757    90.054545
1748.4080    56.515152
1749.1402    105.751515
1749.8725    55.345455
1750.6048    73.109091
1751.3371    -14.539394
1752.0694    37.696970
1752.8017    73.400000
1753.5340    7.163636
1754.2663    -53.072727
1754.9986    -97.309091
1755.7309    -6.545455
1756.4632    -35.781818
1757.1955    14.981818
1757.9277    -92.254545
1758.6600    65.824242
1759.3923    -36.727273
1760.1246    -236.963636
1760.8569    54.533333
1761.5892    -78.436364
1762.3215    -11.672727
1763.0538    -116.909091
1763.7861    -111.145455
1764.5184    -130.381818
1765.2507    -130.618182
1765.9830    -80.854545
1766.7153    18.909091
1767.4475    -104.327273
1768.1798    -119.563636
1768.9121    -69.866667
1769.6444    -144.036364
1770.3767    -156.272727
1771.1090    -159.509091
1771.8413    -39.745455
1772.5736    -315.981818
1773.3059    -82.218182
1774.0382    -84.454545
1774.7705    15.690909
1775.5028    -175.927273
1776.2350    -103.163636
1776.9673    -122.400000
1777.6996    -98.636364
1778.4319    -34.460606
1779.1642    -117.109091
1779.8965    25.012121
1780.6288    -15.418182
1781.3611    -62.848485
1782.0934    -4.278788
1782.8257    97.709091
1783.5580    -134.527273
1784.2903    -218.763636
1785.0225    0.000000
1785.7548    -101.612245
1786.4871    5.775510
1787.2194    -17.836735
1787.9517    -71.448980
1788.6840    -142.061224
1789.4163    -26.673469
1790.1486    -95.285714
1790.8809    -36.687075
1791.6132    28.489796
1792.3455    -50.122449
1793.0778    26.013605
1793.8100    9.653061
1794.5423    -21.959184
1795.2746    83.714286
1796.0069    -52.496599
1796.7392    -63.795918
1797.4715    -78.408163
1798.2038    -216.020408
1798.9361    -78.632653
1799.6684    -65.884354
1800.4007    -10.761905
1801.1330    -74.469388
1801.8653    57.918367
1802.5975    2.306122
1803.3298    -81.306122
1804.0621    20.081633
1804.7944    -9.530612
1805.5267    75.428571
1806.2590    54.884354
1806.9913    -42.659864
1807.7236    93.795918
1808.4559    32.408163
1809.1882    73.795918
1809.9205    47.183673
1810.6528    51.571429
1811.3850    -8.925170
1812.1173    -13.653061
1812.8496    10.734694
1813.5819    66.775510
1814.3142    -18.489796
1815.0465    -39.102041
1815.7788    -16.714286
1816.5111    41.598639
1817.2434    56.721088
1817.9757    61.176871
1818.7080    -1.163265
1819.4403    -29.775510
1820.1725    -36.387755
1820.9048    0.000000
1821.6371    -87.600000
1822.3694    -12.213333
1823.1017    -82.800000
1823.8340    -146.400000
1824.5663    -63.000000
1825.2986    -43.600000
1826.0309    10.586667
1826.7632    -55.800000
1827.4955    8.600000
1828.2278    -73.000000
1828.9600    36.400000
1829.6923    17.386667
1830.4246    -10.053333
1831.1569    -4.400000
1831.8892    -30.600000
1832.6215    46.293333
1833.3538    15.800000
1834.0861    59.200000
1834.8184    16.973333
1835.5507    69.000000
1836.2830    -208.600000
1837.0153    -127.200000
1837.7475    5.213333
1838.4798    12.600000
1839.2121    0.000000
1839.9444    -20.975610
1840.6767    -114.195122
1841.4090    -182.292683
1842.1413    14.097561
1842.8736    -127.487805
1843.6059    -169.585366
1844.3382    -334.682927
1845.0705    -287.780488
1845.8028    -226.878049
1846.5350    -340.975610
1847.2673    -237.073171
1847.9996    -178.170732
1848.7319    -119.268293
1849.4642    -93.365854
1850.1965    -118.463415
1850.9288    -112.560976
1851.6611    63.341463
1852.3934    -65.756098
1853.1257    36.146341
1853.8580    39.048780
1854.5903    4.951220
1855.3226    -162.146341
1856.0548    -212.243902
1856.7871    -50.341463
1857.5194    -48.439024
1858.2517    -176.536585
1858.9840    -75.634146
1859.7163    -205.731707
1860.4486    -11.829268
1861.1809    -82.926829
1861.9132    -84.024390
1862.6455    -94.121951
1863.3778    -98.219512
1864.1101    -88.317073
1864.8423    -317.414634
1865.5746    -14.512195
1866.3069    -77.609756
1867.0392    -118.707317
1867.7715    -75.804878
1868.5038    -168.902439
1869.2361    0.000000
1869.9684    9.080000
1870.7007    52.106667
1871.4330    -58.760000
1872.1653    -80.680000
1872.8976    -102.600000
1873.6298    -86.520000
1874.3621    52.560000
1875.0944    50.640000
1875.8267    23.720000
1876.5590    114.800000
1877.2913    96.880000
1878.0236    82.960000
1878.7559    62.040000
1879.4882    -32.880000
1880.2205    24.200000
1880.9528    -123.720000
1881.6851    14.360000
1882.4173    -14.560000
1883.1496    -33.480000
1883.8819    -159.400000
1884.6142    -176.320000
1885.3465    -49.240000
1886.0788    -167.160000
1886.8111    -110.080000
1887.5434    0.000000
1888.2757    94.416667
1889.0080    56.000000
1889.7403    79.500000
1890.4726    20.333333
1891.2048    59.500000
1891.9371    43.166667
1892.6694    45.500000
1893.4017    136.000000
1894.1340    48.500000
1894.8663    122.000000
1895.5986    30.916667
1896.3309    -23.000000
1897.0632    21.500000
1897.7955    -33.000000
1898.5278    -16.083333
1899.2601    0.000000
1899.9923    -19.000000
1900.7246    -38.666667
1901.4569    -7.000000
1902.1892    -32.333333
1902.9215    -24.000000
1903.6538    -9.000000
1904.3861    122.000000
