923.8475    -430.000000
924.5797    -219.000000
925.3120    -180.333333
926.0443    -146.666667
926.7766    -66.000000
927.5089    -155.000000
928.2412    -71.000000
928.9735    2.000000
929.7058    -17.333333
930.4381    20.000000
931.1704    90.000000
931.9027    -42.333333
932.6350    61.000000
933.3672    -68.000000
934.0995    11.666667
934.8318    -15.666667
935.5641    95.000000
936.2964    52.666667
937.0287    -19.000000
937.7610    -6.333333
938.4933    0.000000
939.2256    -40.590909
939.9579    22.545455
940.6902    -26.772727
941.4225    -44.030303
942.1547    -2.287879
942.8870    -35.363636
943.6193    9.909091
944.3516    8.181818
945.0839    -10.545455
945.8162    18.727273
946.5485    34.000000
947.2808    3.272727
948.0131    47.545455
948.7454    -28.181818
949.4777    6.090909
950.2100    -29.454545
950.9422    2.636364
951.6745    -71.636364
952.4068    -10.818182
953.1391    39.454545
953.8714    -23.075758
954.6037    0.000000
955.3360    57.293447
956.0683    -23.410256
956.8006    18.384615
957.5329    27.179487
958.2652    84.974359
958.9975    55.769231
959.7297    150.387464
960.4620    94.014245
961.1943    151.641026
961.9266    118.267806
962.6589    7.743590
963.3912    33.538462
964.1235    69.814815
964.8558    8.128205
965.5881    130.923077
966.3204    115.717949
967.0527    169.512821
967.7850    197.307692
968.5173    133.102564
969.2495    188.897436
969.9818    204.692308
970.7141    251.487179
971.4464    203.282051
972.1787    340.076923
972.9110    364.871795
973.6433    349.666667
974.3756    430.461538
975.1079    415.256410
975.8402    463.051282
976.5725    391.136752
977.3048    517.641026
978.0370    568.435897
978.7693    622.230769
979.5016    568.025641
980.2339    657.820513
980.9662    626.615385
981.6985    601.190883
982.4308    663.205128
983.1631    677.777778
983.8954    597.071225
984.6277    715.364672
985.3600    731.384615
986.0923    792.618234
986.8245    873.974359
987.5568    919.769231
988.2891    896.564103
989.0214    1021.358974
989.7537    1039.153846
990.4860    1112.948718
991.2183    1055.743590
991.9506    1212.538462
992.6829    1154.592593
993.4152    1247.128205
994.1475    1303.923077
994.8798    1180.717949
995.6120    1310.512821
996.3443    1323.307692
997.0766    1349.102564
997.8089    1462.897436
998.5412    1451.692308
999.2735    1368.487179
1000.0058    1408.282051
1000.7381    1329.153846
1001.4704    1329.871795
1002.2027    1396.666667
1002.9350    1371.461538
1003.6673    1334.256410
1004.3995    1321.051282
1005.1318    1304.846154
1005.8641    1287.641026
1006.5964    1246.435897
1007.3287    1332.230769
1008.0610    1234.025641
1008.7933    1141.381766
1009.5256    1231.615385
1010.2579    1228.410256
1010.9902    1263.205128
1011.7225    1032.888889
1012.4548    1204.794872
1013.1870    1158.589744
1013.9193    996.384615
1014.6516    1008.179487
1015.3839    942.974359
1016.1162    888.316239
1016.8485    914.609687
1017.5808    866.569801
1018.3131    783.196581
1019.0454    757.490028
1019.7777    773.783476
1020.5100    626.076923
1021.2423    700.370370
1021.9745    611.663818
1022.7068    558.957265
1023.4391    560.250712
1024.1714    626.512821
1024.9037    628.307692
1025.6360    118.102564
1026.3683    514.091168
1027.1006    386.384615
1027.8329    355.487179
1028.5652    343.638177
1029.2975    313.076923
1030.0298    282.558405
1030.7620    258.666667
1031.4943    227.145299
1032.2266    121.772080
1032.9589    147.065527
1033.6912    156.358974
1034.4235    109.641026
1035.1558    78.279202
1035.8881    44.905983
1036.6204    70.025641
1037.3527    -19.840456
1038.0850    48.615385
1038.8173    61.410256
1039.5495    -1.626781
1040.2818    0.000000
1041.0141    73.387755
1041.7464    -52.108844
1042.4787    57.163265
1043.2110    18.115646
1043.9433    80.938776
1044.6756    -47.326531
1045.4079    40.714286
1046.1402    54.102041
1046.8725    -10.510204
1047.6048    76.877551
1048.3371    55.265306
1049.0693    122.653061
1049.8016    111.959184
1050.5339    197.428571
1051.2662    197.517007
1051.9985    212.129252
1052.7308    191.591837
1053.4631    221.979592
1054.1954    149.965986
1054.9277    203.578231
1055.6600    198.142857
1056.3923    214.802721
1057.1246    36.918367
1057.8568    132.306122
1058.5891    97.693878
1059.3214    0.081633
1060.0537    76.469388
1060.7860    52.809524
1061.5183    24.244898
1062.2506    51.700680
1062.9829    38.020408
1063.7152    43.408163
1064.4475    7.795918
1065.1798    17.183673
1065.9121    20.761905
1066.6443    -14.040816
1067.3766    -9.653061
1068.1089    -74.734694
1068.8412    23.122449
1069.5735    -31.489796
1070.3058    -45.564626
1071.0381    25.285714
1071.7704    -9.006803
1072.5027    6.061224
1073.2350    -44.551020
1073.9673    -53.163265
1074.6996    -34.557823
1075.4318    -6.387755
1076.1641    0.000000
1076.8964    17.060606
1077.6287    21.121212
1078.3610    -17.818182
1079.0933    101.242424
1079.8256    24.303030
1080.5579    13.363636
1081.2902    68.424242
1082.0225    15.484848
1082.7548    -84.575758
1083.4871    8.878788
1084.2193    0.666667
1084.9516    15.454545
1085.6839    -36.212121
1086.4162    11.030303
1087.1485    -19.090909
1087.8808    10.969697
1088.6131    -11.606061
1089.3454    -17.909091
1090.0777    -46.848485
1090.8100    -42.242424
1091.5423    -45.727273
1092.2746    26.333333
1093.0068    -11.878788
1093.7391    -98.424242
1094.4714    -60.303030
1095.2037    21.575758
1095.9360    -32.363636
1096.6683    -15.303030
1097.4006    12.757576
1098.1329    -12.181818
1098.8652    103.878788
1099.5975    26.939394
1100.3298    0.000000
1101.0621    15.994751
1101.7943    75.881890
1102.5266    53.322835
1103.2589    111.763780
1103.9912    218.204724
1104.7235    267.645669
1105.4558    181.629921
1106.1881    277.527559
1106.9204    409.968504
1107.6527    516.280840
1108.3850    451.850394
1109.1173    648.291339
1109.8496    718.732283
1110.5818    775.173228
1111.3141    950.614173
1112.0464    1128.055118
1112.7787    1147.910761
1113.5110    1360.937008
1114.2433    1431.377953
1114.9756    1612.561680
1115.7079    1732.259843
1116.4402    1831.551181
1117.1725    1983.879265
1117.9048    2113.582677
1118.6371    2274.023622
1119.3693    2498.464567
1120.1016    2540.524934
1120.8339    2670.346457
1121.5662    2744.181102
1122.2985    2855.228346
1123.0308    2924.837270
1123.7631    3038.498688
1124.4954    3174.551181
1125.2277    3123.488189
1125.9600    3283.433071
1126.6923    3287.874016
1127.4246    3290.314961
1128.1569    3244.755906
1128.8891    3400.196850
1129.6214    3417.637795
1130.3537    3340.078740
1131.0860    3253.519685
1131.8183    3225.960630
1132.5506    3204.401575
1133.2829    3177.842520
1134.0152    2993.283465
1134.7475    3047.724409
1135.4798    2865.165354
1136.2121    2750.076115
1136.9444    2692.047244
1137.6766    2578.488189
1138.4089    2433.929134
1139.1412    2144.388451
1139.8735    2212.811024
1140.6058    1979.711286
1141.3381    1954.692913
1142.0704    1705.700787
1142.8027    1715.574803
1143.5350    1568.015748
1144.2673    1382.456693
1144.9996    1170.897638
1145.7319    1186.338583
1146.4641    1082.669291
1147.1964    1094.330709
1147.9287    961.992126
1148.6610    925.653543
1149.3933    1047.543307
1150.1256    944.643045
1150.8579    966.637795
1151.5902    941.965879
1152.3225    1006.307087
1153.0548    962.288714
1153.7871    1032.283465
1154.5194    1028.629921
1155.2516    1066.272966
1155.9839    1103.511811
1156.7162    1087.595801
1157.4485    1127.923885
1158.1808    1327.834646
1158.9131    1268.246719
1159.6454    1380.716535
1160.3777    1374.569554
1161.1100    1433.598425
1161.8423    1523.559055
1162.5746    1635.220472
1163.3069    1842.921260
1164.0391    1813.543307
1164.7714    1915.803150
1165.5037    2035.244094
1166.2360    2043.527559
1166.9683    2110.855643
1167.7006    2300.566929
1168.4329    2317.007874
1169.1652    2380.448819
1169.8975    2335.834646
1170.6298    2447.330709
1171.3621    2405.771654
1172.0944    2374.818898
1172.8266    2484.653543
1173.5589    2299.094488
1174.2912    2182.535433
1175.0235    2171.976378
1175.7558    2084.417323
1176.4881    1870.858268
1177.2204    1806.299213
1177.9527    1678.740157
1178.6850    1494.181102
1179.4173    1367.622047
1180.1496    1161.094488
1180.8819    1087.503937
1181.6141    995.944882
1182.3464    896.385827
1183.0787    706.740157
1183.8110    639.401575
1184.5433    416.729659
1185.2756    390.391076
1186.0079    271.590551
1186.7402    280.031496
1187.4725    203.472441
1188.2048    183.370079
1188.9371    47.364829
1189.6694    56.692913
1190.4016    43.236220
1191.1339    -8.322835
1191.8662    -5.881890
1192.5985    18.005249
1193.3308    0.000000
1194.0631    38.221053
1194.7954    -78.557895
1195.5277    39.663158
1196.2600    -0.964912
1196.9923    66.105263
1197.7246    170.326316
1198.4569    239.547368
1199.1891    226.768421
1199.9214    323.989474
1200.6537    317.210526
1201.3860    425.431579
1202.1183    490.438596
1202.8506    493.873684
1203.5829    682.122807
1204.3152    765.315789
1205.0475    977.536842
1205.7798    993.315789
1206.5121    1121.978947
1207.2444    1195.200000
1207.9767    1304.421053
1208.7089    1462.642105
1209.4412    1613.863158
1210.1735    1712.084211
1210.9058    1813.305263
1211.6381    1913.526316
1212.3704    2005.747368
1213.1027    2015.968421
1213.8350    2092.189474
1214.5673    2143.421053
1215.2996    2285.631579
1216.0319    2209.852632
1216.7642    2170.073684
1217.4964    2154.294737
1218.2287    2024.515789
1218.9610    1965.736842
1219.6933    1908.957895
1220.4256    1855.178947
1221.1579    1716.400000
1221.8902    1677.621053
1222.6225    1578.842105
1223.3548    1538.063158
1224.0871    1447.284211
1224.8194    1475.505263
1225.5517    1310.726316
1226.2839    1346.947368
1227.0162    1224.168421
1227.7485    1201.389474
1228.4808    1104.610526
1229.2131    1130.831579
1229.9454    910.052632
1230.6777    921.273684
1231.4100    871.494737
1232.1423    768.715789
1232.8746    748.936842
1233.6069    851.157895
1234.3392    771.378947
1235.0714    740.600000
1235.8037    709.821053
1236.5360    665.042105
1237.2683    570.263158
1238.0006    558.484211
1238.7329    485.705263
1239.4652    489.926316
1240.1975    421.147368
1240.9298    347.368421
1241.6621    344.589474
1242.3944    281.810526
1243.1267    219.031579
1243.8589    281.252632
1244.5912    256.473684
1245.3235    140.694737
1246.0558    149.915789
1246.7881    159.136842
1247.5204    127.357895
1248.2527    138.578947
1248.9850    152.800000
1249.7173    78.021053
1250.4496    103.242105
1251.1819    144.463158
1251.9142    97.684211
1252.6464    87.877193
1253.3787    110.126316
1254.1110    123.347368
1254.8433    -68.431579
1255.5756    50.789474
1256.3079    31.010526
1257.0402    6.231579
1257.7725    31.452632
1258.5048    -32.326316
1259.2371    41.894737
1259.9694    38.115789
1260.7017    68.336842
1261.4339    96.557895
1262.1662    63.778947
1262.8985    0.000000
1263.6308    34.674699
1264.3631    52.349398
1265.0954    6.024096
1265.8277    -40.301205
1266.5600    34.373494
1267.2923    -65.951807
1268.0246    22.722892
1268.7569    0.397590
1269.4892    -88.927711
1270.2214    -15.706827
1270.9537    44.421687
1271.6860    79.096386
1272.4183    106.771084
1273.1506    7.445783
1273.8829    139.120482
1274.6152    109.795181
1275.3475    107.469880
1276.0798    248.144578
1276.8121    235.590361
1277.5444    395.493976
1278.2767    345.915663
1279.0089    426.843373
1279.7412    503.574297
1280.4735    528.192771
1281.2058    644.867470
1281.9381    624.542169
1282.6704    559.216867
1283.4027    615.220884
1284.1350    553.883534
1284.8673    532.240964
1285.5996    556.542169
1286.3319    621.590361
1287.0642    469.534137
1287.7965    468.863454
1288.5287    431.526104
1289.2610    368.188755
1289.9933    272.963855
1290.7256    256.514056
1291.4579    300.313253
1292.1902    292.839357
1292.9225    295.168675
1293.6548    214.164659
1294.3871    251.012048
1295.1194    162.686747
1295.8517    191.361446
1296.5840    285.036145
1297.3162    200.710843
1298.0485    106.385542
1298.7808    237.060241
1299.5131    234.734940
1300.2454    313.409639
1300.9777    313.457831
1301.7100    322.759036
1302.4423    320.449799
1303.1746    256.445783
1303.9069    261.108434
1304.6392    260.104418
1305.3715    313.767068
1306.1037    321.763052
1306.8360    344.425703
1307.5683    269.755020
1308.3006    238.751004
1309.0329    239.746988
1309.7652    212.076305
1310.4975    184.405622
1311.2298    219.734940
1311.9621    162.730924
1312.6944    159.726908
1313.4267    244.554217
1314.1590    22.718876
1314.8912    45.048193
1315.6235    56.710843
1316.3558    31.373494
1317.0881    81.927711
1317.8204    -86.634538
1318.5527    -70.305221
1319.2850    -28.975904
1320.0173    -82.646586
1320.7496    -75.650602
1321.4819    0.678715
1322.2142    -41.991968
1322.9465    -27.329317
1323.6787    0.000000
1324.4110    -21.650000
1325.1433    -45.527778
1325.8756    145.050000
1326.6079    218.400000
1327.3402    124.750000
1328.0725    241.100000
1328.8048    204.450000
1329.5371    335.800000
1330.2694    360.125000
1331.0017    438.500000
1331.7340    448.263889
1332.4662    492.200000
1333.1985    552.069444
1333.9308    621.972222
1334.6631    702.208333
1335.3954    773.600000
1336.1277    828.680556
1336.8600    882.916667
1337.5923    1101.650000
1338.3246    1038.388889
1339.0569    1171.350000
1339.7892    1367.700000
1340.5215    1307.050000
1341.2537    1358.400000
1341.9860    1452.750000
1342.7183    1534.100000
1343.4506    1564.450000
1344.1829    1629.800000
1344.9152    1742.513889
1345.6475    1879.500000
1346.3798    2082.850000
1347.1121    2179.200000
1347.8444    2328.550000
1348.5767    2588.900000
1349.3090    2577.263889
1350.0412    2922.600000
1350.7735    3204.950000
1351.5058    3505.300000
1352.2381    3840.650000
1352.9704    4038.000000
1353.7027    4521.350000
1354.4350    5067.700000
1355.1673    5558.050000
1355.8996    6086.400000
1356.6319    6683.750000
1357.3642    7441.100000
1358.0965    8073.450000
1358.8287    8740.800000
1359.5610    9835.150000
1360.2933    10600.500000
1361.0256    11515.850000
1361.7579    12435.200000
1362.4902    13327.550000
1363.2225    14201.900000
1363.9548    15346.250000
1364.6871    16365.600000
1365.4194    17299.950000
1366.1517    18129.300000
1366.8840    18933.650000
1367.6163    19785.000000
1368.3485    20238.350000
1369.0808    20818.700000
1369.8131    21194.050000
1370.5454    21294.400000
1371.2777    21232.750000
1372.0100    21144.100000
1372.7423    20779.450000
1373.4746    20156.800000
1374.2069    19497.150000
1374.9392    18418.500000
1375.6715    17452.850000
1376.4038    16284.200000
1377.1360    15294.550000
1377.8683    14001.900000
1378.6006    13026.250000
1379.3329    11875.600000
1380.0652    10781.950000
1380.7975    9851.300000
1381.5298    8870.650000
1382.2621    7975.000000
1382.9944    7261.350000
1383.7267    6689.700000
1384.4590    6041.050000
1385.1913    5502.400000
1385.9235    5056.750000
1386.6558    4848.100000
1387.3881    4485.450000
1388.1204    4174.800000
1388.8527    3783.150000
1389.5850    3593.500000
1390.3173    3344.850000
1391.0496    3053.200000
1391.7819    2716.958333
1392.5142    2681.900000
1393.2465    2539.250000
1393.9788    2360.600000
1394.7110    2251.950000
1395.4433    2002.300000
1396.1756    1900.650000
1396.9079    1790.000000
1397.6402    1740.350000
1398.3725    1587.700000
1399.1048    1427.050000
1399.8371    1285.400000
1400.5694    1266.750000
1401.3017    1103.100000
1402.0340    961.450000
1402.7663    744.800000
1403.4985    613.069444
1404.2308    609.500000
1404.9631    459.850000
1405.6954    434.444444
1406.4277    362.680556
1407.1600    294.916667
1407.8923    138.486111
1408.6246    122.600000
1409.3569    156.950000
1410.0892    54.527778
1410.8215    85.650000
1411.5538    0.000000
1412.2860    88.946970
1413.0183    38.893939
1413.7506    197.507576
1414.4829    232.454545
1415.2152    298.068182
1415.9475    420.681818
1416.6798    406.863636
1417.4121    531.272727
1418.1444    693.681818
1418.8767    871.090909
1419.6090    980.500000
1420.3413    1179.909091
1421.0735    1260.318182
1421.8058    1405.727273
1422.5381    1510.136364
1423.2704    1510.545455
1424.0027    1734.954545
1424.7350    1909.363636
1425.4673    1915.772727
1426.1996    2000.181818
1426.9319    2060.590909
1427.6642    1960.000000
1428.3965    2074.409091
1429.1288    1950.818182
1429.8610    2088.227273
1430.5933    1915.636364
1431.3256    1743.045455
1432.0579    1417.181818
1432.7902    1364.863636
1433.5225    1394.272727
1434.2548    1039.022727
1434.9871    936.090909
1435.7194    832.916667
1436.4517    669.909091
1437.1840    484.318182
1437.9163    439.727273
1438.6485    367.136364
1439.3808    175.545455
1440.1131    169.954545
1440.8454    75.363636
1441.5777    102.772727
1442.3100    13.439394
1443.0423    28.590909
1443.7746    0.000000
1444.5069    -1.958333
1445.2392    12.083333
1445.9715    29.125000
1446.7038    -21.833333
1447.4361    -113.791667
1448.1683    6.250000
1448.9006    -43.708333
1449.6329    -69.666667
1450.3652    10.375000
1451.0975    26.416667
1451.8298    -6.541667
1452.5621    6.500000
1453.2944    42.541667
1454.0267    27.583333
1454.7590    44.625000
1455.4913    18.666667
1456.2236    -44.291667
1456.9558    -35.250000
1457.6881    -77.208333
1458.4204    -15.166667
1459.1527    -89.125000
1459.8850    -6.083333
1460.6173    91.958333
1461.3496    0.000000
1462.0819    41.500000
1462.8142    25.000000
1463.5465    36.500000
1464.2788    66.000000
1465.0111    48.500000
1465.7433    94.000000
1466.4756    227.500000
1467.2079    156.000000
1467.9402    259.500000
1468.6725    291.000000
1469.4048    448.500000
1470.1371    426.000000
1470.8694    572.500000
1471.6017    650.000000
1472.3340    755.500000
1473.0663    699.000000
1473.7986    873.500000
1474.5308    887.000000
1475.2631    991.500000
1475.9954    1051.000000
1476.7277    1128.500000
1477.4600    1174.000000
1478.1923    1362.500000
1478.9246    1377.000000
1479.6569    1447.500000
1480.3892    1437.000000
1481.1215    1387.500000
1481.8538    1399.000000
1482.5861    1362.500000
1483.3183    1543.000000
1484.0506    1372.500000
1484.7829    1364.000000
1485.5152    1148.500000
1486.2475    1190.000000
1486.9798    996.500000
1487.7121    1103.000000
1488.4444    944.500000
1489.1767    881.000000
1489.9090    846.500000
1490.6413    605.000000
1491.3736    619.500000
1492.1058    441.485507
1492.8381    363.500000
1493.5704    192.826087
1494.3027    318.500000
1495.0350    169.833333
1495.7673    83.836957
1496.4996    22.000000
1497.2319    -10.500000
1497.9642    -59.152174
1498.6965    -46.500000
1499.4288    -48.000000
1500.1611    -111.807971
1500.8933    -82.471014
1501.6256    -109.134058
1502.3579    -103.000000
1503.0902    39.500000
1503.8225    -43.123188
1504.5548    62.500000
1505.2871    -62.782609
1506.0194    -26.778986
1506.7517    -15.000000
1507.4840    24.561594
1508.2163    39.565217
1508.9486    180.500000
1509.6808    117.239130
1510.4131    151.576087
1511.1454    238.246377
1511.8777    173.500000
1512.6100    249.000000
1513.3423    313.500000
1514.0746    341.000000
1514.8069    270.931159
1515.5392    222.934783
1516.2715    264.605072
1517.0038    309.608696
1517.7361    279.945652
1518.4683    342.000000
1519.2006    465.500000
1519.9329    375.289855
1520.6652    405.293478
1521.3975    207.630435
1522.1298    309.500000
1522.8621    305.000000
1523.5944    131.500000
1524.3267    84.978261
1525.0590    83.648551
1525.7913    128.000000
1526.5236    73.655797
1527.2559    64.000000
1527.9881    30.996377
1528.7204    0.000000
1529.4527    43.847291
1530.1850    81.694581
1530.9173    103.454844
1531.6496    99.050903
1532.3819    164.980296
1533.1142    273.083744
1533.8465    370.931034
1534.5788    491.101806
1535.3111    611.625616
1536.0434    693.472906
1536.7756    875.320197
1537.5079    848.167488
1538.2402    956.014778
1538.9725    1111.862069
1539.7048    1333.709360
1540.4371    1363.556650
1541.1694    1665.133005
1541.9017    1790.062397
1542.6340    1933.098522
1543.3663    2198.945813
1544.0986    2385.793103
1544.8309    2607.640394
1545.5631    2943.487685
1546.2954    3147.334975
1547.0277    3384.182266
1547.7600    3838.029557
1548.4923    4025.876847
1549.2246    4296.724138
1549.9569    4625.571429
1550.6892    4839.418719
1551.4215    5267.266010
1552.1538    5571.113300
1552.8861    5915.960591
1553.6184    6268.807882
1554.3506    6568.655172
1555.0829    6885.502463
1555.8152    7254.349754
1556.5475    7559.197044
1557.2798    7842.044335
1558.0121    8074.891626
1558.7444    8482.738916
1559.4767    8730.586207
1560.2090    8922.433498
1560.9413    9068.280788
1561.6736    9174.128079
1562.4059    9416.975369
1563.1381    9482.822660
1563.8704    9573.669951
1564.6027    9593.517241
1565.3350    9577.364532
1566.0673    9520.211823
1566.7996    9412.059113
1567.5319    9167.906404
1568.2642    8969.753695
1568.9965    8634.600985
1569.7288    8489.448276
1570.4611    8179.295567
1571.1934    7905.142857
1571.9256    7613.990148
1572.6579    7444.837438
1573.3902    7008.684729
1574.1225    6667.532020
1574.8548    6347.379310
1575.5871    6067.226601
1576.3194    5863.073892
1577.0517    5742.921182
1577.7840    5578.768473
1578.5163    5294.615764
1579.2486    5206.463054
1579.9809    4965.310345
1580.7131    4988.157635
1581.4454    4768.004926
1582.1777    4754.852217
1582.9100    4617.699507
1583.6423    4537.546798
1584.3746    4414.394089
1585.1069    4301.241379
1585.8392    4280.088670
1586.5715    4122.935961
1587.3038    3959.783251
1588.0361    3701.630542
1588.7684    3666.477833
1589.5006    3403.325123
1590.2329    3098.735632
1590.9652    3119.019704
1591.6975    2769.927750
1592.4298    2773.714286
1593.1621    2651.561576
1593.8944    2324.049261
1594.6267    2350.256158
1595.3590    2152.103448
1596.0913    2072.950739
1596.8236    2023.798030
1597.5559    1856.029557
1598.2881    1806.492611
1599.0204    1810.339901
1599.7527    1732.187192
1600.4850    1717.034483
1601.2173    1744.881773
1601.9496    1658.729064
1602.6819    1813.576355
1603.4142    1744.423645
1604.1465    1661.270936
1604.8788    1760.118227
1605.6111    1908.965517
1606.3434    2022.812808
1607.0757    2026.660099
1607.8079    2144.507389
1608.5402    2271.354680
1609.2725    2440.201970
1610.0048    2524.049261
1610.7371    2655.896552
1611.4694    2708.743842
1612.2017    2880.591133
1612.9340    3012.438424
1613.6663    3363.285714
1614.3986    3554.133005
1615.1309    3627.980296
1615.8632    3898.827586
1616.5954    3976.674877
1617.3277    4196.522167
1618.0600    4366.369458
1618.7923    4616.216749
1619.5246    4850.064039
1620.2569    5012.911330
1620.9892    5207.758621
1621.7215    5345.605911
1622.4538    5426.453202
1623.1861    5460.300493
1623.9184    5673.147783
1624.6507    5690.995074
1625.3829    5831.842365
1626.1152    5764.689655
1626.8475    5775.536946
1627.5798    5712.384236
1628.3121    5376.231527
1629.0444    5274.078818
1629.7767    5104.926108
1630.5090    4912.773399
1631.2413    4616.620690
1631.9736    4292.467980
1632.7059    4130.315271
1633.4382    3862.162562
1634.1704    3650.009852
1634.9027    3246.095238
1635.6350    3039.024631
1636.3673    2831.954023
1637.0996    2692.550082
1637.8319    2622.246305
1638.5642    2462.093596
1639.2965    2224.940887
1640.0288    2123.788177
1640.7611    1892.635468
1641.4934    1953.482759
1642.2257    1808.330049
1642.9579    1597.177340
1643.6902    1475.024631
1644.4225    1296.871921
1645.1548    1209.106732
1645.8871    1110.702791
1646.6194    966.298851
1647.3517    986.561576
1648.0840    863.824302
1648.8163    802.087028
1649.5486    852.802956
1650.2809    703.945813
1651.0132    656.208539
1651.7454    704.344828
1652.4777    584.192118
1653.2100    476.330049
1653.9423    637.886700
1654.6746    541.733990
1655.4069    421.581281
1656.1392    360.428571
1656.8715    280.275862
1657.6038    204.123153
1658.3361    281.169130
1659.0684    232.431856
1659.8007    251.665025
1660.5329    249.512315
1661.2652    386.359606
1661.9975    240.206897
1662.7298    1281.745484
1663.4621    282.674877
1664.1944    395.748768
1664.9267    135.596059
1665.6590    176.443350
1666.3913    104.290640
1667.1236    179.137931
1667.8559    189.985222
1668.5882    144.832512
1669.3204    154.679803
1670.0527    34.527094
1670.7850    96.635468
1671.5173    117.221675
1672.2496    88.160920
1672.9819    168.916256
1673.7142    44.686371
1674.4465    90.610837
1675.1788    110.458128
1675.9111    103.305419
1676.6434    100.152709
1677.3757    0.000000
1678.1079    19.445652
1678.8402    46.891304
1679.5725    -4.927536
1680.3048    -46.014493
1681.0371    31.228261
1681.7694    0.144928
1682.5017    -5.880435
1683.2340    -68.434783
1683.9663    -57.782609
1684.6986    -38.543478
1685.4309    -50.623188
1686.1632    -16.652174
1686.8955    144.536232
1687.6277    59.449275
1688.3600    15.695652
1689.0923    20.130435
1689.8246    -92.811594
1690.5569    -61.231884
1691.2892    -2.318841
1692.0215    -19.072464
1692.7538    -107.641304
1693.4861    -131.195652
1694.2184    -34.750000
1694.9507    -40.304348
1695.6830    32.141304
1696.4152    -46.413043
1697.1475    -54.967391
1697.8798    55.231884
1698.6121    -91.076087
1699.3444    -123.630435
1700.0767    -100.184783
1700.8090    -106.782609
1701.5413    -60.293478
1702.2736    -183.847826
1703.0059    -130.402174
1703.7382    -82.956522
1704.4705    14.489130
1705.2027    11.934783
1705.9350    -20.619565
1706.6673    -1.173913
1707.3996    -11.231884
1708.1319    60.014493
1708.8642    188.163043
1709.5965    103.840580
1710.3288    142.086957
1711.0611    164.500000
1711.7934    294.945652
1712.5257    214.391304
1713.2580    227.836957
1713.9902    195.282609
1714.7225    287.728261
1715.4548    349.173913
1716.1871    308.619565
1716.9194    200.065217
1717.6517    325.510870
1718.3840    165.956522
1719.1163    228.402174
1719.8486    181.847826
1720.5809    186.293478
1721.3132    157.739130
1722.0455    120.184783
1722.7777    115.630435
1723.5100    163.076087
1724.2423    128.521739
1724.9746    140.967391
1725.7069    91.413043
1726.4392    23.858696
1727.1715    30.753623
1727.9038    -11.250000
1728.6361    -1.804348
1729.3684    15.641304
1730.1007    -34.913043
1730.8330    -104.467391
1731.5652    -104.021739
1732.2975    -165.576087
1733.0298    -123.130435
1733.7621    -172.684783
1734.4944    -155.239130
1735.2267    -114.793478
1735.9590    -32.347826
1736.6913    -52.902174
1737.4236    -163.130435
1738.1559    -105.010870
1738.8882    -61.565217
1739.6205    -92.391304
1740.3527    -107.478261
1741.0850    30.771739
1741.8173    -27.782609
1742.5496    -100.336957
1743.2819    -11.891304
1744.0142    -140.913043
1744.7465    0.000000
1745.4788    -88.418182
1746.2111    -7.193939
1746.9434    -12.624242
1747.6757    69.327273
1748.4080    60.909091
1749.1402    103.490909
1749.8725    57.072727
1750.6048    55.654545
1751.3371    22.236364
1752.0694    23.818182
1752.8017    100.933333
1753.5340    30.503030
1754.2663    85.563636
1754.9986    -13.024242
1755.7309    -4.272727
1756.4632    -9.884848
1757.1955    -1.109091
1757.9277    29.472727
1758.6600    62.054545
1759.3923    7.060606
1760.1246    45.218182
1760.8569    12.800000
1761.5892    -48.563636
1762.3215    -5.327273
1763.0538    224.909091
1763.7861    134.478788
1764.5184    106.048485
1765.2507    -20.381818
1765.9830    -40.812121
1766.7153    35.454545
1767.4475    -96.672727
1768.1798    -111.103030
1768.9121    -76.800000
1769.6444    -91.296970
1770.3767    -91.393939
1771.1090    -113.157576
1771.8413    -55.254545
1772.5736    -88.890909
1773.3059    -53.448485
1774.0382    -16.727273
1774.7705    4.854545
1775.5028    30.436364
1776.2350    -45.981818
1776.9673    -80.600000
1777.6996    58.181818
1778.4319    -48.236364
1779.1642    -66.890909
1779.8965    35.927273
1780.6288    -21.490909
1781.3611    -52.909091
1782.0934    -49.327273
1782.8257    91.254545
1783.5580    33.836364
1784.2903    -112.236364
1785.0225    0.000000
1785.7548    -40.877551
1786.4871    52.918367
1787.2194    -46.122449
1787.9517    -28.510204
1788.6840    -71.387755
1789.4163    -19.598639
1790.1486    -78.809524
1790.8809    -24.326531
1791.6132    31.632653
1792.3455    -48.408163
1793.0778    -6.448980
1793.8100    0.510204
1794.5423    -36.530612
1795.2746    81.428571
1796.0069    -73.612245
1796.7392    -41.040816
1797.4715    -56.251701
1798.2038    -22.734694
1798.9361    -77.673469
1799.6684    -79.816327
1800.4007    -27.857143
1801.1330    -0.972789
1801.8653    75.061224
1802.5975    24.272109
1803.3298    -7.605442
1804.0621    25.938776
1804.7944    32.897959
1805.5267    89.857143
1806.2590    37.816327
1806.9913    -62.224490
1807.7236    16.734694
1808.4559    52.918367
1809.1882    62.653061
1809.9205    50.829932
1810.6528    42.571429
1811.3850    -46.469388
1812.1173    19.489796
1812.8496    54.653061
1813.5819    -19.591837
1814.3142    12.231293
1815.0465    69.326531
1815.7788    15.285714
1816.5111    -17.755102
1817.2434    11.204082
1817.9757    31.163265
1818.7080    2.122449
1819.4403    -8.911565
1820.1725    -50.455782
1820.9048    0.000000
1821.6371    -35.520000
1822.3694    -27.040000
1823.1017    -96.560000
1823.8340    -34.080000
1824.5663    -42.866667
1825.2986    54.880000
1826.0309    -30.640000
1826.7632    -53.520000
1827.4955    -40.680000
1828.2278    -101.200000
1828.9600    6.280000
1829.6923    19.760000
1830.4246    -18.760000
1831.1569    19.506667
1831.8892    -102.800000
1832.6215    50.680000
1833.3538    40.520000
1834.0861    77.080000
1834.8184    -3.880000
1835.5507    66.600000
1836.2830    -104.573333
1837.0153    1.560000
1837.7475    3.040000
1838.4798    81.520000
1839.2121    0.000000
1839.9444    -24.463415
1840.6767    11.715447
1841.4090    -65.593496
1842.1413    5.146341
1842.8736    -81.878049
1843.6059    -107.186992
1844.3382    -13.243902
1845.0705    -128.471545
1845.8028    -151.447154
1846.5350    -139.756098
1847.2673    -56.731707
1847.9996    70.292683
1848.7319    1.317073
1849.4642    79.341463
1850.1965    11.032520
1850.9288    74.723577
1851.6611    66.121951
1852.3934    -19.341463
1853.1257    -51.804878
1853.8580    0.731707
1854.5903    18.268293
1855.3226    31.804878
1856.0548    64.341463
1856.7871    91.878049
1857.5194    31.414634
1858.2517    87.951220
1858.9840    73.487805
1859.7163    139.024390
1860.4486    29.560976
1861.1809    -6.934959
1861.9132    50.634146
1862.6455    23.170732
1863.3778    -33.292683
1864.1101    -57.837398
1864.8423    -231.146341
1865.5746    -14.455285
1866.3069    -79.146341
1867.0392    -14.406504
1867.7715    33.926829
1868.5038    53.463415
1869.2361    0.000000
1869.9684    14.960000
1870.7007    -44.080000
1871.4330    18.826667
1872.1653    16.840000
1872.8976    4.933333
1873.6298    54.760000
1874.3621    62.373333
1875.0944    132.680000
1875.8267    84.146667
1876.5590    81.600000
1877.2913    93.560000
1878.0236    75.520000
1878.7559    -76.520000
1879.4882    52.080000
1880.2205    36.400000
1880.9528    9.360000
1881.6851    -43.680000
1882.4173    -29.720000
1883.1496    24.240000
1883.8819    -9.800000
1884.6142    84.160000
1885.3465    32.120000
1886.0788    -33.920000
1886.8111    1.040000
1887.5434    0.000000
1888.2757    92.687500
1889.0080    58.375000
1889.7403    75.062500
1890.4726    -87.250000
1891.2048    46.750000
1891.9371    25.125000
1892.6694    61.583333
1893.4017    91.500000
1894.1340    51.083333
1894.8663    65.875000
1895.5986    -137.437500
1896.3309    -28.333333
1897.0632    -4.062500
1897.7955    -33.833333
1898.5278    -70.687500
1899.2601    0.000000
1899.9923    -33.000000
1900.7246    -120.000000
1901.4569    43.000000
1902.1892    -24.000000
1902.9215    -0.666667
1903.6538    -38.000000
1904.3861    83.000000
